rpm = [ 0 ; 100 ; 400 ; 700 ; 1000 ] ;

temp_in1 = [ 20.1 ; 20.1 ; 20.4 ; 19.9 ; 19.7 ] ;
temp_in2 = [ 19.6 ; 19.5 ; 19.6 ; 18.9 ; 18.4 ] ;
temp_in3 = [ 19.4 ; 19.3 ; 19.4 ; 19.0 ; 18.9 ] ;

temp_out1 = [ 20.1 ; 20.2 ; 19.5 ; 19.2 ; 19.1 ] ;
temp_out2 = [ 19.7 ; 19.6 ; 19.2 ; 19.0 ; 18.9 ] ;
temp_out3 = [ 19.4 ; 19.3 ; 19.4 ; 19.0 ; 18.9 ] ;

V_in1 = [ 0 ; 0 ; 1.78 ; 3.43 ; 5.09 ] ;
V_in2 = [ 0 ; 0 ; 2.23 ; 4.13 ; 6.52 ] ;
V_in3 = [ 0 ; 0 ; 1.33 ; 2.80 ; 4.50 ] ;

V_out1 = [ 0 ; 1.28 ; 9.37 ; 19.21 ; 31.41 ] ;
V_out2 = [ 0 ; 2.40 ; 11.94 ; 22.94 ; 33.41 ] ;
V_out3 = [ 0 ; 2.59 ; 12.50 ; 23.55 ; 36.10 ] ;

P_out1 = [ 0 ; .3 ; 3.70 ; 16.90 ; 45.20 ] ;
P_out2 = [ 0 ; .3 ; 3.70 ; 16.80 ; 45.00 ] ;
P_out3 = [ 0 ; .3 ; 3.70 ; 16.70 ; 44.00 ] ;
